           AAPL.Open AAPL.High AAPL.Low AAPL.Close AAPL.Volume AAPL.Adjusted
2015-10-29    118.70    120.69   118.27     120.53    51227300      120.0163
2015-10-30    120.99    121.22   119.45     119.50    49365300      118.9907
2015-11-02    120.80    121.36   119.61     121.18    32203300      120.6635
2015-11-03    120.79    123.49   120.70     122.57    45519000      122.0476
2015-11-04    123.13    123.82   121.62     122.00    44886100      121.4800
2015-11-05    121.85    122.69   120.18     120.92    39552700      120.9200
           AAPL.Open AAPL.High AAPL.Low AAPL.Close AAPL.Volume AAPL.Adjusted
2015-10-29    118.70    120.69   118.27     120.53    51227300      120.0163
2015-10-30    120.99    121.22   119.45     119.50    49365300      118.9907
2015-11-02    120.80    121.36   119.61     121.18    32203300      120.6635
2015-11-03    120.79    123.49   120.70     122.57    45519000      122.0476
2015-11-04    123.13    123.82   121.62     122.00    44886100      121.4800
2015-11-05    121.85    122.69   120.18     120.92    39552700      120.9200
        date AAPL.Open AAPL.High AAPL.Low AAPL.Close AAPL.Volume AAPL.Adjusted
1 2015-10-29    118.70    120.69   118.27     120.53    51227300      120.0163
2 2015-10-30    120.99    121.22   119.45     119.50    49365300      118.9907
3 2015-11-02    120.80    121.36   119.61     121.18    32203300      120.6635
4 2015-11-03    120.79    123.49   120.70     122.57    45519000      122.0476
5 2015-11-04    123.13    123.82   121.62     122.00    44886100      121.4800
6 2015-11-05    121.85    122.69   120.18     120.92    39552700      120.9200
        date AAPL.Open AAPL.High AAPL.Low AAPL.Close AAPL.Volume AAPL.Adjusted
1 2015-10-29    118.70    120.69   118.27     120.53    51227300      120.0163
2 2015-10-30    120.99    121.22   119.45     119.50    49365300      118.9907
3 2015-11-02    120.80    121.36   119.61     121.18    32203300      120.6635
4 2015-11-03    120.79    123.49   120.70     122.57    45519000      122.0476
5 2015-11-04    123.13    123.82   121.62     122.00    44886100      121.4800
6 2015-11-05    121.85    122.69   120.18     120.92    39552700      120.9200
[1] 3
